test_loss: 0.0010288279889219508
test_mae: 0.02253900282084942
test_r2: 0.989149567146605
